849
7481 0 4248
6618 0 4278
14410 0 1151
3507 0 4272
9624 4 4109
3027 4 4132
3952 0 1149
12087 0 3043
3352 0 878
10415 0 2534
13439 4 4088
13830 4 4088
5886 4 4097
10627 4 4093
15853 0 1279
5612 4 4110
12544 4 4126
480 4 4124
10296 0 448
2383 0 2796
14068 4 4123
14382 0 1523
3657 0 1474
14814 4 4107
11193 4 4088
15479 0 4225
3067 0 3105
15558 0 2220
14251 4 4106
10126 0 1151
11812 4 4088
9491 0 1174
5967 0 4225
7270 0 131
4757 4 4119
14491 0 1331
14093 0 1151
4111 0 4266
11279 4 4119
3453 0 706
6237 4 4097
2327 4 4124
4972 4 4132
4979 4 4132
4009 0 2168
6372 4 4106
7992 0 1736
5070 0 110
4662 0 982
6543 4 4097
13965 0 121
7619 4 4108
5793 0 1474
7625 0 22
7029 0 1474
3320 0 1474
6172 4 4126
4714 4 4132
4363 4 4124
6916 0 982
11046 0 2239
3837 0 2662
4593 4 4124
14533 4 4109
15692 0 408
14349 4 4123
9186 0 373
12452 4 4114
14788 0 2050
6546 0 982
3473 0 639
6150 0 1933
4828 4 4119
13451 0 3031
2479 0 982
7302 0 2811
3187 0 2012
3367 0 408
6152 4 4110
11833 0 4225
9061 0 854
7820 0 579
6946 0 1770
8646 0 2523
9933 4 4109
11419 0 4264
9309 0 2013
15396 0 1233
9889 4 4093
4924 4 4132
8991 0 329
5956 0 2292
5793 0 1151
5149 0 530
8925 0 1233
7279 4 4107
10173 0 982
12375 4 4107
4786 4 4119
3223 0 2760
16304 0 1495
7429 4 4109
10632 0 1452
6419 4 4114
5633 4 4116
10602 0 4266
12980 0 2184
6943 4 4097
7046 4 4116
1903 4 4132
12001 4 4124
3679 0 982
3367 0 2662
7396 4 4097
4526 4 4132
8521 4 4108
9703 0 141
12073 0 2357
9777 0 2066
2638 0 91
14212 4 4107
9222 0 2600
3402 0 408
12043 4 4109
4666 4 4119
3699 0 2049
2651 0 4225
14727 4 4123
10421 4 4088
3243 0 982
4458 4 4107
4597 4 4117
7521 0 4278
14433 4 4116
10063 0 4260
5528 0 4263
11419 0 91
9341 0 767
3913 0 4268
4867 4 4124
11236 4 4109
5440 0 2292
14877 0 1337
12300 0 4232
5364 0 564
4638 4 4134
12545 0 1452
7264 0 4278
15195 0 1151
9936 4 4109
5237 0 22
10840 4 4110
5991 4 4097
6238 0 4049
13298 4 4088
15231 0 2069
9984 4 4126
10552 0 2534
5047 0 2520
14176 4 4109
5103 4 4107
15128 0 2409
4599 4 4132
2420 0 626
11523 4 4132
10001 4 4114
7791 4 4114
6875 0 1017
12097 0 4225
4965 0 1149
7526 0 3204
12655 0 4225
10926 4 4132
546 0 2003
11503 4 4123
3689 0 2921
1316 0 448
3724 0 564
2784 0 2449
10742 4 4088
9106 0 2402
5100 4 4134
12927 0 3216
7584 0 1474
13315 4 4106
11374 4 4119
786 4 4117
7186 0 982
11576 4 4126
6084 0 1474
6336 4 4119
9503 4 4125
11717 0 1474
8383 0 4225
10369 4 4109
2455 4 4088
13342 4 4124
4444 4 4119
11498 4 4109
11916 0 475
49 0 3043
12131 4 4108
10501 0 1521
9745 0 982
4506 4 4117
4577 4 4117
13260 4 4088
16248 0 982
11099 4 4097
11582 0 4225
4792 4 4132
6775 0 982
5111 4 4109
6254 4 4093
3691 0 1831
6989 0 4264
8819 0 976
6849 4 4097
9536 4 4119
10995 0 853
7392 0 4217
5461 0 854
77 0 3029
15469 0 741
15485 0 2218
7563 4 4119
8086 4 4126
5037 0 920
8767 0 1452
3403 0 143
6764 0 1474
5369 0 3152
11804 4 4134
1111 0 4281
10635 4 4107
16109 0 4225
6756 4 4119
10375 0 347
13409 0 2707
10523 4 4107
11003 0 2461
11811 4 4108
5085 0 4227
15060 0 1151
11024 0 854
1629 4 4119
15260 0 1932
10453 0 701
4747 0 4270
5676 4 4124
8257 4 4126
5905 4 4116
4710 4 4124
4521 0 2012
10123 4 4109
7948 4 4113
14963 0 4278
9917 4 4114
13232 4 4113
15123 0 1574
9564 0 4273
5596 0 408
9852 0 3031
7844 4 4124
6584 0 4217
5344 0 2487
10796 4 4126
15770 0 854
8567 0 1452
15957 0 1665
11665 4 4101
7543 4 4109
4872 4 4124
13423 0 3119
10554 4 4119
4627 4 4124
3813 0 2218
16324 0 2980
6415 4 4097
4331 4 4132
10828 0 2452
3594 0 100
13049 4 4088
3302 0 1031
15481 0 2804
15444 0 4037
14427 0 2168
6624 0 4027
4726 4 4119
2786 0 1331
10137 0 2538
12048 0 352
9654 0 4264
6401 0 143
10656 0 2013
7680 4 4106
10543 0 448
15222 0 408
15851 0 4225
15589 0 4232
14414 4 4132
6346 0 1151
2191 4 4124
2401 4 4124
4182 0 2319
4086 0 4278
15569 0 1210
5285 0 4278
5012 0 982
7457 4 4097
14245 4 4109
12354 0 2486
233 4 4119
6743 0 2357
1240 0 982
534 4 4119
11233 0 2164
7306 0 982
14750 4 4088
10393 0 3094
7441 4 4097
14860 4 4125
14319 0 2003
8637 4 4126
14241 0 4272
8710 0 1504
8514 4 4126
13191 0 4264
6256 4 4108
4480 4 4119
10536 0 4051
3475 0 982
9839 0 982
10121 4 4107
13953 0 408
10158 0 1299
4760 4 4119
5914 0 2220
10083 0 2168
3978 0 2811
4845 0 4272
15817 0 564
8883 4 4088
9288 4 4088
13917 0 97
3264 0 982
6807 0 972
12488 0 2184
11338 0 1763
8712 0 4225
15860 0 75
13332 0 329
12025 0 4265
5882 0 2019
9632 4 4113
9561 4 4109
9797 0 232
8327 0 4278
12792 4 4134
400 0 408
6214 0 2220
11062 4 4119
6619 0 1031
13635 4 4093
14221 4 4109
6599 0 2534
7812 4 4114
11789 0 1151
9155 0 2012
13052 0 1523
14200 4 4107
5899 4 4108
13092 0 4264
6210 4 4119
7878 0 2175
13400 0 4227
6490 0 1099
14928 0 564
3334 0 2409
7027 4 4106
8214 4 4088
14479 4 4097
6267 0 2605
5136 0 2809
10164 4 4107
12741 0 2531
9246 4 4097
8144 4 4109
15047 0 4026
8195 4 4116
2421 0 85
11122 4 4088
10370 4 4108
2746 4 4132
11322 0 1210
9806 0 1707
5024 0 1452
14272 0 3031
3906 0 22
4740 4 4132
7838 0 688
6997 0 1099
8042 0 2232
7311 4 4114
5355 4 4097
14152 0 2409
7842 0 1496
8579 0 4267
8781 0 2409
2881 0 2858
848 0 4278
11273 4 4126
10345 0 75
9658 4 4088
10254 0 1474
5739 0 2
10402 0 2808
14542 0 3031
4873 4 4119
13361 0 1736
11703 0 2605
13695 0 2357
11579 4 4109
4003 4 4124
13294 0 2012
10288 4 4097
9944 4 4088
12857 0 2461
13248 0 1556
10196 4 4093
13920 4 4088
9758 4 4093
5647 4 4110
14959 0 982
11260 4 4123
4682 4 4124
5673 0 2003
3369 0 1583
7814 4 4097
9450 0 475
2433 0 4225
12530 0 1576
12159 4 4113
698 0 1832
13652 4 4108
11473 0 1452
8855 4 4088
11397 0 1054
9122 4 4123
4764 4 4109
15704 0 1495
11220 4 4109
13267 4 4119
6458 4 4108
15290 0 4278
14058 4 4119
12550 0 4225
7375 4 4110
15337 0 2409
13796 4 4109
13129 4 4088
5674 4 4093
6676 4 4119
12261 4 4107
5302 4 4119
11465 0 2600
7355 0 1452
12314 0 4272
9920 4 4119
14477 0 3031
11439 0 998
13242 4 4088
13108 0 4264
5964 4 4106
2161 4 4124
6104 4 4108
8983 0 639
11670 4 4088
13718 0 2780
11702 0 1151
4549 4 4119
10398 4 4097
9742 0 4225
8230 0 393
14946 0 1927
12754 4 4107
8743 4 4088
5327 4 4097
5658 4 4108
5911 4 4116
4711 0 4266
5063 4 4107
8128 0 135
5927 0 1017
3193 0 1151
9902 0 4225
8507 4 4126
10819 0 1279
14941 0 333
6798 4 4109
12037 0 2570
8349 0 1275
894 4 4132
14790 0 503
10035 4 4116
6469 0 4044
13816 0 579
574 0 3029
10663 0 1017
9820 4 4119
4421 4 4119
6345 4 4119
11474 0 4265
14787 0 2069
11400 0 408
3607 0 705
14024 0 4235
12761 0 1556
12394 4 4101
11527 0 4225
3829 0 579
7452 0 2204
11986 0 3094
7734 4 4119
5877 0 3204
9379 4 4107
5418 4 4114
11324 4 4106
9514 0 982
16056 0 262
14702 4 4088
13769 4 4088
14125 4 4088
9221 4 4126
12834 0 2811
6065 4 4101
14528 4 4088
13470 4 4124
11158 0 982
10108 0 1017
14767 4 4101
11666 0 1184
8217 0 1954
13714 0 1151
4681 4 4117
8340 4 4088
4154 0 2048
5169 4 4125
5891 0 1995
4918 0 4236
10963 4 4088
10765 4 4109
9687 4 4109
4879 4 4132
4481 4 4134
4375 4 4134
8400 0 1474
13172 4 4119
11972 0 3043
14944 0 639
15972 0 16238
5893 0 1831
3408 0 329
11856 0 4225
7428 4 4093
13677 0 2636
10550 4 4088
12636 0 1151
7425 4 4114
12650 0 1645
9970 4 4093
14412 4 4107
4387 4 4124
9846 0 1523
12387 0 3043
12545 0 329
4906 4 4117
13945 4 4110
4348 4 4119
11025 4 4123
12386 0 2487
13807 4 4110
2316 0 2216
8547 0 4227
15405 0 816
15866 0 139
14705 0 1605
9141 0 1523
15730 0 287
4815 4 4124
11808 4 4088
15744 0 2236
4400 4 4124
7352 4 4114
13368 4 4088
4579 4 4119
9338 4 4088
4473 4 4119
11739 4 4106
16057 0 2858
9953 0 3204
5165 0 4225
12870 4 4088
3244 0 982
14527 4 4088
5751 0 2003
12146 4 4123
15006 0 3043
7990 4 4106
15652 0 4225
14903 0 1151
6219 4 4110
5492 0 1151
12219 4 4088
9557 4 4114
3462 0 1645
7434 0 1474
14927 0 1504
7730 4 4114
5588 4 4124
5358 4 4097
13685 4 4119
4670 4 4117
3870 0 1232
4630 4 4119
12995 4 4106
7858 0 2811
6006 4 4106
11178 4 4134
15491 0 4024
3660 0 3119
10873 0 329
13737 4 4132
3263 0 503
1650 0 2356
10760 0 1583
7287 4 4097
6279 4 4114
8622 4 4126
12402 0 1474
11583 0 1082
7829 4 4108
8670 4 4093
14741 0 2069
424 0 2013
5788 0 4272
7664 0 143
5947 4 4109
7089 0 2019
3314 0 2662
3693 0 564
12587 4 4126
8706 4 4109
10831 4 4088
14228 0 1906
14973 0 4227
8074 4 4101
10835 0 1082
10372 0 2168
4399 4 4110
6325 4 4106
10657 0 1417
9110 4 4088
3548 0 1151
7718 0 1528
3824 0 688
7703 4 4106
9250 0 22
12287 4 4088
4486 4 4134
8957 0 627
10567 4 4116
5091 0 160
14290 0 1151
15435 4 4108
15377 0 22
7523 0 1151
8704 0 412
10791 0 2520
7670 4 4119
6230 4 4097
13909 0 3043
14811 0 1452
11488 4 4123
12539 0 1331
8001 0 1452
1238 4 4119
13103 4 4119
11923 0 4225
16050 0 408
13482 4 4134
13424 0 2461
5343 0 2811
13550 4 4114
9128 4 4088
9983 4 4088
4091 0 4265
607 0 1474
10533 0 2012
8365 4 4124
7613 0 1149
961 0 1017
11107 4 4108
5703 4 4119
15801 0 2409
6583 4 4097
12876 0 4272
8829 4 4123
10020 4 4126
14732 4 4119
11189 4 4108
5393 0 4264
9938 4 4119
13163 4 4088
4795 4 4124
12038 0 4225
7841 0 854
12636 0 3043
12853 4 4113
11333 4 4114
10909 0 139
15945 0 1151
10872 0 1831
12676 4 4109
12271 4 4109
16072 0 545
14625 0 3043
12422 0 2409
4620 4 4107
10163 0 3204
8494 0 97
13853 4 4116
8008 0 1452
5090 4 4119
4650 4 4134
6397 4 4108
1415 0 81
12632 0 4272
14724 0 456
2443 0 2019
13578 0 2636
7204 4 4107
4432 4 4088
11240 0 4225
7838 0 1992
4167 0 4028
14663 4 4107
4660 0 1531
5600 0 43
10900 0 3204
9191 0 2490
13702 0 408
7132 4 4109
1690 4 4119
4316 4 4119
6941 4 4114
11457 4 4106
12388 0 329
6977 4 4097
7639 0 1504
7041 0 914
16184 0 2319
6685 0 448
3173 0 1099
12425 4 4119
8328 0 1707
15849 0 2409
10836 0 1474
11877 4 4110
2730 0 408
3814 0 4232
14027 0 2600
3229 0 1151
958 4 4119
6561 4 4108
8253 4 4109
4754 4 4117
5372 0 2600
10146 4 4088
14475 0 135
14609 0 415
10406 0 1874
14178 0 3043
5073 4 4117
12204 4 4126
9184 0 2069
9371 4 4116
7230 0 1474
6454 0 2605
8723 0 706
13177 4 4107
5034 0 4245
3485 0 2931
13305 4 4110
14834 0 1452
5605 4 4101
13146 0 4225
11821 0 579
14087 4 4113
8183 0 4227
15193 4 4126
15334 0 4273
3552 0 4251
12673 4 4132
7673 4 4097
12662 0 3119
7420 0 2636
4558 4 4124
10854 0 931
8580 0 143
7322 0 1474
12572 4 4124
4684 4 4124
11798 4 4113
9726 4 4107
15232 0 4043
8926 4 4088
7077 0 4281
9196 0 1151
2697 4 4132
5549 4 4093
9628 0 4278
6131 4 4097
8432 4 4109
9276 4 4088
8259 0 4278
9757 4 4119
15712 0 1210
9875 0 200
5158 4 4134
9423 0 2012
16165 0 1504
13398 4 4124
9160 4 4107
11085 0 448
13169 0 1723
14436 0 2461
6300 4 4114
10770 4 4088
12420 0 1017
16026 0 1541
7154 0 1017
3451 0 2530
12500 4 4109
3385 0 842
4950 4 4134
13989 0 3043
11043 4 4113
9217 4 4088
