2875
13159 3 612
9557 3 1401
8271 3 994
8495 3 1286
6737 1 10388
12669 2 10621
9165 3 138
8961 3 656
13391 1 12656
14015 2 11870
4634 3 327
13978 1 6434
13714 1 9249
9519 2 9175
6808 3 898
12570 2 6727
12587 3 770
12575 1 12681
5270 3 1155
6317 3 655
11210 3 717
11589 2 9526
7636 3 3749
13787 3 3116
5614 3 162
12932 1 12433
15183 1 10757
11891 3 1635
6119 3 2365
7368 2 6261
12381 3 1930
6822 1 9078
7904 1 13008
14274 1 14015
8105 2 4740
12077 3 3051
10216 3 1483
13473 1 11734
8874 3 163
3314 1 840
4105 1 9724
6234 1 7367
8572 3 1625
10733 3 3739
12929 3 2975
14301 3 500
11147 3 949
10035 2 11154
11791 1 10762
3499 1 5426
12673 3 153
11044 3 1461
13159 3 4
9283 3 974
15403 1 11378
9297 3 790
12682 1 7016
15575 1 8144
11249 1 11881
8818 1 6023
12091 2 4958
16323 1 5802
13045 3 203
10670 3 413
11145 3 599
4534 3 1478
13729 3 1478
6793 1 12730
12220 3 2137
3662 1 5072
13566 2 7996
7267 1 6088
10372 1 9945
9065 3 2769
7231 2 7524
12759 2 6554
12723 2 8207
8319 3 1076
3315 1 13375
12704 1 14673
14349 2 11881
13127 3 2099
8874 2 12013
4794 1 4993
5698 1 12695
7079 2 4963
12492 3 2274
8635 2 4914
11775 1 14120
8891 1 9957
4779 3 364
4072 1 5976
15201 1 4869
6909 3 2626
14865 1 8855
7379 3 1433
11571 2 13985
5317 1 13584
11604 3 1935
4608 3 2574
6694 1 7800
14270 3 1755
7468 3 104
7524 3 2272
7033 3 2537
6396 3 1476
14621 3 1119
12275 1 12615
10701 3 27
6910 1 13603
4863 2 11312
7118 3 387
12762 3 35
9394 3 2439
4610 1 4440
11817 2 2863
1167 1 9307
8599 3 166
3474 1 11490
13988 2 12031
10624 1 9785
12451 1 6574
11757 3 1227
5071 3 1005
12418 1 4893
4661 3 942
8496 3 2342
1903 3 2827
5726 1 13944
10164 3 228
5999 2 7146
4695 2 13328
11613 2 4466
12010 1 6640
8280 3 2342
8052 2 11645
6878 2 11035
3998 1 11811
16148 1 5579
14083 1 10279
4958 2 4536
7010 3 763
6149 1 6513
4526 3 2772
11891 2 11587
11661 3 1935
11613 3 908
5078 3 2415
12801 2 11757
8915 3 171
4913 1 10540
6178 3 1946
5917 1 4640
8081 3 1706
15269 1 6305
16071 1 4362
13020 3 389
8079 2 4723
14709 1 11497
4535 3 387
9131 3 2635
6591 3 1895
11657 3 897
10308 1 8118
12108 3 2542
4637 3 3153
11180 3 539
12961 3 1710
11237 1 12607
11300 1 4700
7011 1 5468
10569 2 4887
11804 2 9005
7275 1 9039
8808 1 12987
4536 2 4638
10520 3 1264
8043 3 1030
3970 1 4556
15551 1 8858
12610 1 9009
15082 1 8969
7723 1 5349
14368 1 14887
12684 1 6049
12728 3 2372
14346 3 3160
8850 3 1107
8432 3 1333
9037 1 4944
4998 3 1896
10411 3 508
3468 1 4851
5453 1 2738
14422 3 1190
12194 1 14061
11037 1 6638
5283 1 13655
15066 1 10877
4877 3 508
14471 1 8056
13801 2 14011
7293 3 2478
10372 1 10072
10185 3 466
14116 1 13187
5377 1 6921
12855 3 2926
8246 3 1856
6293 1 11380
6641 2 5688
8407 3 1867
5495 1 5611
13005 2 10621
13095 3 1951
6597 3 1013
15371 3 3135
14487 2 12031
11699 1 9726
11587 3 1119
10266 3 1077
9806 1 5470
1675 3 332
10394 3 177
13046 3 1639
12344 2 8618
12218 3 356
15587 1 7870
14017 1 6465
10943 2 10510
8174 2 4604
5217 3 1515
3910 1 8810
12868 1 9429
8052 2 6138
7444 3 539
13485 3 1646
10058 1 13793
13918 1 11131
5441 1 11761
8341 3 2566
10411 3 443
10822 3 1490
3968 1 7315
8099 3 153
9109 1 10917
15128 1 10346
14438 3 2872
7190 2 11425
8376 3 203
3764 1 7015
11306 3 824
12019 3 1588
4877 3 457
11057 3 129
7914 1 13436
11208 1 8521
4784 3 2087
12881 3 28
7330 1 13427
6657 2 8872
9519 2 10165
2384 1 13047
13267 3 1380
7985 1 4964
14230 1 1690
8581 3 1190
6308 2 7520
12492 2 11928
1450 3 1548
14367 2 12907
9286 3 1077
9439 1 8956
6253 3 2007
10968 2 7707
11449 3 1119
9594 2 7571
8248 3 1227
3795 1 9682
11966 3 21
7908 2 13432
9761 3 1246
10266 3 2364
5027 1 5719
6439 3 984
11012 2 8507
14168 1 6700
12273 3 2390
9484 2 4396
4334 1 10618
9717 2 11747
12083 2 8507
8895 3 438
11526 3 1119
13402 3 1155
12028 2 14318
12090 3 2795
7265 3 1400
12542 2 10801
11485 1 16002
4872 3 1431
7344 1 7823
13197 3 1263
4175 1 11693
11912 3 1
12443 3 1755
4914 3 356
3198 1 7149
13526 3 4
32 1 4668
5449 3 1809
14200 3 1190
13814 3 2574
11373 3 1951
12417 3 1646
9857 1 4371
12196 2 14384
6148 3 1208
15962 1 8340
9458 3 876
13459 2 5248
10369 3 2055
3663 1 13551
8773 3 1247
11752 2 5932
10033 2 4914
10940 3 1366
9308 2 13137
8444 3 92
9141 1 10720
12446 3 1119
13044 3 1270
7425 3 2500
8648 3 1628
2215 2 9944
6766 3 138
8767 1 14131
13901 3 2769
13453 3 2848
16314 1 6849
3610 1 5505
8095 1 5589
7654 3 693
10271 1 11054
6462 1 12924
9101 2 5523
7952 2 9972
9559 3 76
6670 2 4686
12587 2 14223
11872 1 10369
6035 1 12695
10209 1 14795
12853 3 2560
14143 3 2747
9199 2 12254
4602 3 1213
14934 1 14487
5406 3 119
14236 3 2415
5700 3 1710
6665 3 1077
9611 2 7056
10032 3 235
11168 3 2448
7019 1 6760
7480 3 2286
6174 1 4461
15308 1 5294
13445 2 13014
11690 1 6235
13071 1 9270
9404 2 14238
11299 1 12089
14514 3 770
7509 2 12310
5083 3 2250
4758 3 755
9168 1 7887
12634 2 13979
3206 1 11752
10741 3 164
12950 2 5295
7703 3 551
6605 3 443
4504 2 4887
4794 1 10871
14681 2 13549
12771 3 2733
4964 3 1655
8680 2 5777
7663 1 11523
15106 1 10344
5491 1 10459
10089 3 2070
303 1 11753
10442 2 9611
9542 3 824
11952 1 8460
8237 1 14412
7300 3 803
10091 2 10037
11818 1 5204
14478 3 1639
7121 1 10691
12114 2 4541
5701 1 9372
3734 1 11812
683 3 2330
7109 3 3002
8284 2 8303
10658 3 1883
11253 1 4714
9239 3 203
4620 3 891
10349 3 1639
11229 2 8256
14161 2 9014
11204 3 2234
9506 2 4684
5257 3 1090
7841 1 9788
12303 1 7164
12127 1 12376
6186 1 13260
9402 3 3160
13440 3 1227
7523 1 6305
8099 3 3157
11034 2 4955
5813 3 2716
11205 2 4932
14978 1 12907
9190 3 751
5989 3 1478
12344 2 12587
5530 3 2871
303 1 13662
8650 2 11615
14117 1 7062
4849 3 494
7745 2 12853
14091 3 1212
8208 2 2774
5655 1 12032
3458 1 14641
13523 3 790
13551 3 1587
11065 3 1856
12178 2 11712
15879 1 9989
12028 2 9635
6665 3 940
14275 3 1856
6371 1 674
9064 3 203
14870 3 1896
1745 1 4835
9196 1 8242
7419 1 12077
14126 3 3061
10911 2 9256
570 3 2097
16041 1 7608
12696 1 5327
7111 3 1338
9636 3 1198
9789 1 13615
2999 1 11254
8556 1 4543
8734 2 14773
8346 3 610
5749 2 10604
8774 3 1557
14103 2 10265
12669 2 14837
11492 3 1548
12225 3 2563
7364 2 4835
9989 3 2478
7293 2 7717
5426 3 656
11387 2 8240
9729 3 1190
9170 3 870
10933 3 153
4133 1 12404
7991 3 1922
7615 3 898
9119 3 457
6463 2 14345
11497 3 1190
12656 3 1357
8347 3 1930
12995 3 1034
9909 1 10127
8027 3 1856
14326 3 656
10152 1 12598
7488 1 4530
14318 2 13796
7752 1 5212
13749 3 994
14748 3 177
9196 1 11235
7302 1 4563
4873 2 5890
10634 3 1910
5234 3 2926
5099 1 12676
6842 3 3006
6110 3 1883
7429 3 3061
2586 1 7555
11622 3 1856
12529 3 2522
14207 1 11525
12422 1 11611
10467 3 1561
10882 2 12240
9553 3 1158
10993 1 11712
7494 3 1478
15452 1 11632
11212 2 4439
8810 3 1190
9372 3 657
14412 2 14511
12523 3 2074
14527 3 795
13778 3 1668
7813 2 9255
6950 1 5330
4356 2 9484
4466 3 1660
14157 1 12523
12195 3 389
9150 3 508
15986 1 8209
8973 3 3762
11021 3 2081
7362 3 824
2257 3 2795
12732 3 296
10658 3 119
6349 2 14612
7739 2 5974
6774 3 766
7298 2 8061
11112 3 2045
5256 3 1077
13047 3 1698
9978 3 2375
13256 1 10905
14868 3 2270
6084 1 5053
15735 1 7067
11556 3 2439
8306 3 426
14351 3 119
5232 2 10338
13980 3 1856
14176 2 11608
14495 3 2160
6164 3 417
7628 1 11235
13988 3 2439
8522 1 8284
11498 3 770
3450 1 5227
6719 1 11620
12853 3 2045
4921 3 2055
4764 3 2992
14823 3 1119
8235 3 2379
10676 3 457
7908 3 1478
5409 2 1613
6301 2 11615
13017 3 2537
11285 3 2081
8739 3 2593
5817 3 508
13685 3 2270
13327 3 162
9596 1 14823
11540 2 8381
13086 3 568
14226 3 2280
15257 1 11436
4855 3 1407
534 2 5988
2480 2 10207
3140 3 2598
11968 3 2709
12632 1 14309
12498 3 2206
8320 3 1119
10687 2 10968
8157 1 14405
4289 1 9371
13689 2 11712
11993 3 2463
15983 1 10018
6384 3 1030
13812 2 4817
9198 1 2746
15005 3 1896
12563 1 7402
13866 1 9547
14982 1 14376
10740 3 1706
14414 3 332
11464 3 1856
11333 2 4867
3657 1 10691
8814 3 1158
12997 3 2330
14763 3 2339
14672 2 10021
11390 1 8281
4905 1 8503
10246 2 8373
4926 3 2055
7130 2 9989
4537 2 2219
8270 3 1644
11453 1 10062
7288 3 1913
7984 2 7721
6878 3 1
10125 3 2733
4716 3 1127
6422 3 1597
3287 1 4996
8621 1 9594
8734 2 8878
5008 2 9944
5459 3 1935
8385 2 10390
13301 3 2609
8192 3 2379
7508 3 228
7666 2 9652
11785 1 350
11762 3 2671
7086 1 14339
8743 2 12997
9562 2 11346
7717 3 1976
6092 1 10123
14295 3 915
15952 1 7569
2637 2 12240
14008 3 1646
1897 1 12890
15630 1 4438
7708 3 2992
7051 3 1256
13284 3 1190
15653 1 10728
10402 1 14126
14688 3 3008
7706 2 6408
10630 3 2975
11396 3 443
9502 1 5806
7226 1 4792
7212 3 1638
6020 3 539
3646 1 10691
14181 3 1810
15778 1 5336
14481 3 1227
3520 1 9273
12784 3 1694
15315 1 10001
11739 3 2080
13334 3 1885
6966 1 6297
13635 3 568
10510 3 1744
14448 3 2375
10089 2 8060
9724 2 11517
3296 1 9754
16105 1 4646
8369 1 13812
14048 3 2364
8424 2 7535
2655 2 590
12014 2 11646
4415 3 1312
6372 3 1370
14795 2 9505
7982 3 1949
11534 1 7315
10904 2 7324
10018 2 7902
10145 3 1754
15045 1 10976
11753 3 3131
3997 1 10466
7551 1 12966
6736 3 2966
8195 2 11578
14104 3 1370
14319 1 13742
10354 1 6484
5035 3 2833
8429 1 9324
15195 1 11634
4921 3 1597
11877 3 659
9823 3 974
7100 3 1873
15570 1 606
9603 3 824
15931 1 11810
11098 2 739
11725 2 12028
3657 1 7286
13167 3 790
11853 2 7612
14331 3 2544
4073 1 7754
14887 2 14837
13819 2 11661
290 2 8697
8356 3 54
15372 1 9531
14825 1 10032
4746 2 4565
13623 3 1119
14212 2 13927
9189 2 10720
7108 3 3778
2674 1 12674
4486 3 795
13151 3 1286
8624 3 824
11709 3 1930
10634 3 1201
10378 2 10681
13760 3 2969
3502 1 14656
9785 3 1816
9114 3 1974
11539 3 193
10571 1 13459
4661 2 13738
8851 3 203
12634 2 12879
3468 1 11871
4706 2 9307
10093 3 782
11811 3 1617
14019 3 187
4466 3 1344
9599 3 657
3634 1 4679
10197 1 6405
11481 1 2178
13615 3 4
12694 3 2330
12328 1 13607
14953 1 9549
14878 3 1005
11966 3 1516
16338 1 5901
12440 3 1400
8813 3 3083
13798 1 5782
5359 1 5871
14672 2 8419
13691 3 387
11359 3 2437
9292 2 4890
13623 2 14575
6581 2 7598
9816 3 2339
6375 3 457
9069 3 2505
6670 3 1478
8304 1 6129
3287 1 5032
8225 1 6308
10285 3 3026
12365 2 5546
10559 2 13783
13829 3 2827
14958 1 9066
5007 1 8670
6445 2 7377
11009 1 7166
4753 3 2679
13190 3 2617
12257 2 7952
7415 2 11433
10339 3 1493
14832 3 2206
11379 3 1264
5592 2 14390
8427 3 824
8829 2 4791
14541 3 2897
12155 2 14076
5358 3 2476
13934 3 3770
3705 1 14512
3927 1 5424
13108 1 9524
8271 3 1930
8041 3 1119
7467 2 4826
16000 1 9153
11531 3 3746
7262 2 10492
4382 3 859
9675 1 6954
11582 1 10794
14536 1 10727
12425 2 4826
12111 1 10715
10621 3 994
9641 2 6277
12598 2 9446
8345 1 4759
12513 3 2055
6405 3 1377
11454 3 3113
6264 2 7866
8855 3 1198
9992 2 9181
13691 3 364
10417 1 5519
12256 3 153
7823 2 6026
13262 3 1478
8800 2 12423
8654 3 1180
7344 1 14344
10349 3 508
4513 2 1584
5524 3 1421
11961 1 11870
5992 2 8337
12432 3 389
12775 3 208
14076 3 1856
13032 3 2544
14442 3 187
8501 1 7208
6077 2 5295
10582 3 1930
14084 1 11589
5103 3 1333
5446 1 225
14526 3 3736
12060 3 2425
3440 1 10114
4764 3 824
9035 1 8722
4798 3 1407
9263 3 1445
14902 1 14353
4714 3 2173
14160 3 2354
8435 3 1372
12865 2 6422
15570 1 9693
14369 2 12700
4535 3 2060
7991 3 659
11452 3 951
10149 3 1884
10159 3 1010
5808 3 508
13750 3 3095
12067 3 2211
11557 1 13317
9296 1 14406
4954 3 810
11876 3 656
10180 3 227
10865 3 2364
11030 3 656
15364 1 10766
6592 3 1754
9753 3 2333
13216 3 203
9603 3 548
5090 3 99
7604 1 6833
8731 3 599
6770 3 1884
7900 3 1639
16022 1 11528
13583 1 13135
12913 2 14388
10380 1 9036
6092 1 10120
10517 3 389
13769 3 2970
8948 3 1935
3596 1 6532
10467 3 2273
4354 3 203
6304 2 9394
11353 3 425
10621 3 824
11204 3 672
10520 3 717
6958 3 1030
11800 2 14453
14035 3 770
8840 3 2339
14068 3 1930
10221 2 13723
12511 3 153
9056 2 13432
14280 3 356
13765 1 7193
5027 1 6113
5727 3 717
5533 1 10386
5065 1 8895
10151 1 12031
7075 3 2734
7020 1 13946
14863 3 2714
10076 3 2110
13394 3 193
9198 1 13012
6374 3 1782
4769 3 1092
8632 1 2738
15984 1 6257
11008 1 5536
7887 3 387
14047 3 994
6639 2 12312
6455 3 2379
12327 1 5423
10573 2 5861
11903 1 12701
9019 3 2946
13040 2 9099
12701 3 1194
13669 2 13001
4587 3 2650
5945 1 13228
12422 1 8851
4535 3 656
10227 3 3091
14889 3 3787
11116 3 153
5351 2 14857
9449 3 543
12836 3 1309
9384 2 9793
9452 3 3739
9599 3 1158
5106 3 2312
6681 3 203
4408 3 1030
9378 1 1414
896 1 14172
9474 1 14847
12397 2 8114
7840 1 13045
15605 1 11460
4899 2 8178
11204 2 11615
6069 1 10112
9977 2 10918
14008 3 2871
13604 2 14238
5656 3 834
11216 2 12700
9303 3 389
10365 3 220
14631 1 5767
14718 1 5862
8640 1 11615
5171 1 12261
7369 3 539
6703 1 14645
13811 3 656
5018 3 1856
10590 3 818
943 2 10493
7520 3 356
13012 2 10020
6551 2 9165
4930 1 14187
9726 3 1930
10371 3 1673
8144 2 14773
563 3 59
12888 3 2561
9495 3 425
7769 1 8427
11725 2 11394
10888 1 5833
12821 3 717
6497 2 14744
9275 1 13880
9131 3 203
15125 1 12237
14087 2 13130
5040 3 203
7547 3 3149
9313 1 14732
8757 3 2364
4672 1 5756
8931 3 1930
9531 3 1190
9017 3 2503
9536 2 11062
7933 3 1660
11460 2 11693
9013 3 2709
3304 1 12081
9794 2 11118
12273 3 221
5522 3 2870
12256 3 657
10594 3 790
14130 2 14318
9210 2 6422
2203 1 10845
10506 2 12423
11556 3 1051
9508 3 656
10483 3 2364
13929 1 15369
3090 3 1646
9618 3 656
7123 2 7130
7280 2 9755
11822 3 1731
4317 3 2584
16042 1 12540
14361 3 181
6135 3 717
11911 3 656
12464 1 9804
11769 3 717
4745 3 1003
9400 1 13497
9632 3 1561
5510 2 4897
8003 1 4692
11207 1 12416
10195 3 368
6658 1 10790
9372 3 1225
4769 3 790
13009 3 500
9637 3 2092
4391 2 13340
15826 1 10718
14349 3 2336
4437 3 99
8365 3 539
12290 3 1856
14727 3 2270
13811 3 2747
10173 1 8680
10262 1 10943
4563 2 4887
14393 3 1716
7166 3 2315
7796 2 9900
4881 3 2987
15545 1 6644
8298 3 1247
9453 1 5592
14093 1 13040
5866 2 12874
13106 1 4447
3612 1 4547
11579 3 2616
10902 2 9319
4668 3 1885
14339 3 1856
10667 2 12060
3959 1 14883
12470 3 2969
9090 3 1639
6358 1 11152
12968 1 4483
8824 3 63
14310 2 7806
8282 2 5653
7654 3 787
8227 3 2733
7291 1 6597
12455 3 693
4594 3 2435
5195 3 183
8040 1 13380
8420 1 5727
7984 2 14720
16108 1 10259
11349 2 6408
13807 3 1478
8727 3 2087
5169 3 1716
11253 1 4529
7670 2 13260
12775 3 3153
4744 3 1856
8866 2 7364
14301 3 790
7115 2 14511
11523 3 1646
10945 3 659
6583 2 6943
11907 2 14076
2418 3 153
3498 1 7132
8358 3 1935
8308 3 2339
4731 3 2561
10446 2 7707
13589 3 1193
4613 3 277
12554 3 566
3793 1 11757
11591 3 1856
4817 3 2709
7704 3 1116
4663 3 4
14748 3 508
3939 1 11531
6087 1 13723
6861 2 7364
3197 1 8293
12153 1 5842
10937 3 1286
12357 3 2110
10748 3 539
10547 3 2733
4287 1 13755
7409 1 14500
14226 3 792
10224 1 7615
6374 3 1755
14946 1 9823
5202 3 539
5137 3 193
12484 3 915
12559 1 12050
12071 2 8985
10595 2 7208
10297 2 7806
7900 2 7364
7194 1 10390
10551 1 2109
10224 1 4763
8580 1 2953
15984 1 5644
11395 3 818
10066 2 12028
6502 3 1372
10670 2 7823
5526 1 12351
7793 1 14191
10263 3 770
9600 3 656
6644 3 1034
5362 2 11869
6946 1 10483
13087 3 656
7215 3 790
5449 3 2286
9612 2 4932
14602 2 6693
10918 2 5558
16016 1 12548
6858 3 1375
14190 2 10068
10776 3 803
8624 2 14654
9890 3 2978
8141 3 2795
9452 3 1846
11586 3 3787
7717 2 5695
5101 3 4
10883 2 10903
8479 3 1930
5278 3 443
9424 2 12697
10487 3 1286
5128 1 10257
10436 2 8233
11640 3 153
12155 3 1635
3686 1 12716
7412 1 5519
13700 3 364
11333 2 9767
6970 2 391
11645 3 1286
11567 1 14236
6803 2 7260
14786 3 1856
6935 2 7015
7115 3 2848
12261 3 457
8202 2 7402
11598 3 235
8242 3 2838
9237 1 10269
5163 1 9764
8897 2 4945
6926 3 2080
13674 2 12548
4809 3 1930
5322 2 4439
9946 3 138
11591 3 1644
4495 3 1190
14212 3 669
9888 1 5096
6134 1 7503
1508 3 2874
2231 3 1227
10408 3 1286
11324 3 3149
11714 3 387
12854 1 2782
13375 3 1067
10610 3 1019
6608 3 3082
4317 2 4560
12421 2 13704
10801 3 745
6013 3 1646
4576 3 1302
11521 3 915
13382 3 2366
5543 3 2110
12081 3 203
11499 2 6363
5511 3 1809
9458 3 508
12941 3 1155
14433 3 1431
380 1 10312
4909 3 1820
9189 2 8543
5234 3 1655
4011 1 12811
10520 3 2364
9823 2 10908
8293 2 4755
12423 3 1286
12563 1 6078
6304 3 751
11167 3 138
5211 3 3770
10224 1 10097
5552 2 9394
6580 1 10099
13665 3 823
8543 2 10214
14791 3 3735
14023 3 1935
6844 1 4804
6415 2 9260
8986 1 11715
8291 2 5883
4773 3 2087
5996 3 153
12107 3 2874
12461 3 203
9687 3 3739
9954 3 1431
14466 1 14688
9942 2 9005
7290 3 1497
10216 3 1227
5476 3 2684
13651 3 203
14727 3 824
5191 2 14720
12613 3 3739
12775 3 2322
7254 3 2793
13245 2 13367
9687 3 1935
13567 3 3102
8149 3 425
9377 3 587
7102 3 1119
4338 3 539
9263 3 790
10563 3 3765
8028 1 10114
8165 3 1077
1602 1 11554
8864 2 13796
5340 1 5894
10071 3 770
2896 1 14032
14672 2 6854
5775 1 13482
6535 1 13329
11805 3 203
15080 1 12222
10597 3 508
7543 3 3146
14654 3 2574
13547 1 10076
9897 2 5008
8512 3 2116
5407 3 1548
5688 2 9822
6565 3 1483
14200 3 1863
12976 3 994
11746 3 2979
5239 3 2679
4013 1 12950
11280 3 951
4835 3 387
4607 3 568
4896 1 12312
10431 3 1131
11711 3 1190
11253 1 7377
10186 2 10757
11737 1 14563
10427 1 6553
3296 1 4846
3336 1 14296
4584 3 438
10106 3 1058
8839 3 387
9850 2 7290
8798 3 177
11396 2 10701
4826 3 1856
12634 2 10051
6474 1 12818
12824 2 10621
14349 2 10665
3837 1 13501
2552 3 387
2104 3 119
13927 3 540
11503 3 1190
7290 3 929
12795 2 12060
12022 3 2683
2037 2 734
15691 1 6493
12867 2 4554
13052 1 9199
12239 3 1566
9101 2 5311
11833 1 4695
12542 2 10338
7966 3 1639
8201 3 2961
5778 3 2779
15676 1 261
13945 3 153
10808 3 1478
5604 2 11076
5435 3 548
6620 3 443
4578 3 2439
9523 1 13973
6286 1 7137
8989 1 9413
9261 3 1339
11027 1 9861
13827 2 9864
10032 2 8381
5858 3 1844
5574 3 221
4647 2 7564
1066 3 203
10150 1 9026
8254 2 8300
15011 1 6123
12917 3 2364
9956 3 2581
13482 3 1478
12500 3 2258
15724 1 8340
16239 1 4518
11241 2 11538
5008 2 12240
13662 3 1246
8311 3 2087
7410 2 9717
7653 1 9917
12292 1 2284
11019 3 1208
7467 3 1755
11193 3 951
5793 1 289
5511 3 2574
15217 1 12513
12293 1 13020
15783 1 10467
12066 2 6131
4908 1 10487
11792 3 1646
4526 2 8487
9087 3 1639
9009 2 6700
13158 2 11460
5790 1 11262
13825 2 6340
8567 1 11429
7827 3 3777
5547 1 13241
10931 1 7548
14659 3 2045
9998 2 4442
9952 3 1212
761 2 6914
7571 3 356
13796 3 587
5624 3 695
8061 3 3146
8246 2 13260
11179 1 8044
14964 1 7100
6915 1 13769
13157 1 10569
13331 2 5594
6049 2 12031
3277 1 7274
9198 1 14563
5159 3 177
13582 2 12401
4812 2 12195
12630 2 9331
11125 3 1804
14276 1 10090
1319 1 11288
11098 2 10684
5349 3 3737
10680 3 2448
9553 3 500
6622 2 6131
8192 2 4602
8747 2 5675
10145 3 228
7364 2 7257
8068 1 14155
13226 2 9005
12140 3 2055
13032 3 1483
12530 1 6842
10460 3 539
9641 3 2442
7015 2 12339
4853 3 2365
7041 1 8475
8719 3 443
13160 2 8849
5060 3 726
16054 1 7254
13733 1 9190
5456 1 6254
7440 1 9995
7667 3 1935
8873 3 1283
8246 3 915
5362 2 8869
11814 3 2320
14659 3 1683
10208 1 11613
12188 3 1484
14822 2 10639
4560 3 2500
1024 1 14726
14441 3 2616
11464 3 2583
6315 3 1986
6490 1 14171
14464 3 508
11850 2 4376
12176 2 11517
7572 3 877
14260 2 10621
7547 3 16
5941 3 1935
12161 3 1856
10595 3 803
3075 1 13394
4460 3 201
4947 3 538
2567 1 11077
11210 3 1951
7813 2 11808
6228 3 1453
5517 1 11706
14413 3 1010
5426 3 2250
14275 3 2270
11837 3 903
10035 2 8228
4695 2 13280
14851 3 1493
7625 1 6665
9156 3 1119
14301 3 203
6391 2 9805
12718 3 73
5885 2 11879
3361 1 11429
12669 2 8256
16022 1 7636
8802 2 5337
14570 2 8618
960 2 6891
10599 2 7837
10767 1 12318
5097 3 1208
4762 3 2970
8296 3 3153
7980 3 1405
8287 2 11523
6962 1 8401
11324 3 1687
9863 1 14349
4399 2 4964
11306 3 443
12310 3 1325
2458 1 9375
9629 1 13442
10395 3 939
4015 1 8433
6887 2 8076
3506 1 9880
12612 3 1800
5620 3 1664
8861 3 717
8427 3 1141
14651 2 13709
13177 3 1655
3816 1 6692
1228 3 1929
6399 3 712
12088 3 1779
13796 3 1655
12994 1 9627
7892 2 12700
6547 2 11658
4710 3 3070
4708 3 1856
8309 3 1190
3489 1 1470
11370 2 4483
11999 1 5999
13197 3 1227
9868 1 9247
5854 3 203
10245 3 3739
16202 1 14041
11708 1 13972
3803 1 7654
4944 3 2975
11993 3 2350
13144 3 812
11826 3 1639
11507 1 6439
13791 3 656
11879 3 217
13846 3 2747
6201 3 3102
7056 3 818
8865 1 9431
5082 2 4863
11659 3 1930
4983 1 5174
12257 2 5594
4584 3 1755
9876 3 1655
6676 3 999
14062 3 1483
3837 1 13854
11237 1 14433
11898 1 13973
10395 3 805
8862 1 10317
11699 1 11213
12455 2 7524
11804 2 12700
8487 3 1984
11188 3 2805
12538 2 11044
1426 1 11634
10240 1 9036
5106 3 784
6987 3 610
9637 3 129
6138 2 4953
13083 1 7410
13391 1 9162
8294 3 2969
14326 3 1876
12671 3 2234
12031 3 2512
9865 3 1754
4823 2 4638
7578 3 916
10512 1 8757
14821 3 2747
1727 1 7316
7086 1 11823
14321 2 8734
16275 1 9622
14873 3 795
6140 3 1694
11112 3 1019
2104 3 1227
10321 1 10795
15060 1 5883
9558 3 95
4814 3 1104
10714 3 3765
9770 3 1386
13826 2 11924
9256 3 764
3257 1 13833
9424 3 2848
4715 3 2769
5183 2 9174
9709 3 1478
3564 1 14156
754 1 9911
12827 2 5666
9029 3 584
6656 3 1699
6717 3 994
6008 2 13820
9533 3 1791
10186 2 10882
12344 3 1325
12107 3 2861
8535 1 11494
14586 3 790
5999 3 2650
3245 1 7717
9952 3 540
12270 3 203
6528 1 12720
10334 3 2679
11077 2 7868
11326 1 14367
11663 3 3153
10389 1 6055
14699 3 1646
7480 3 1104
8607 2 14579
12700 3 2333
11646 2 13616
13796 3 1935
8730 3 599
12730 3 13
4390 2 2548
15317 2 7402
13124 1 14661
5496 1 11761
9502 1 5875
6786 3 387
11236 3 2769
14339 2 4870
5085 1 13283
848 1 12233
5533 1 14883
11126 3 3739
3218 1 10093
9810 1 14663
12607 3 2747
4353 2 8560
11878 2 8213
9807 1 6569
4444 2 4373
8746 1 13550
6065 3 1856
9098 1 7153
5449 3 494
837 1 9663
11220 3 818
14369 3 1445
9561 3 1485
13077 2 10728
11918 1 14693
6521 3 356
8179 3 1377
15203 1 8648
1878 1 11681
7179 3 2173
5952 2 10639
4502 3 1951
13777 2 13280
10076 3 508
15952 1 12983
5872 3 1804
391 3 2716
8438 1 12812
14051 2 12997
4887 3 1646
8748 3 1930
5169 3 2539
10245 3 2055
9944 2 11517
517 1 7289
4897 3 539
9293 3 2459
13587 1 13227
3408 1 11612
11040 3 1158
13679 2 12028
2994 3 2320
7752 1 14939
13857 3 2745
6251 1 11152
10159 3 2299
14472 3 153
10004 2 6510
2618 3 417
11700 1 5468
15820 1 10149
4765 3 566
10264 3 2502
9206 3 1846
6850 3 2926
3851 1 14181
10493 2 4723
7540 3 153
11757 3 2502
13213 3 1588
4658 3 3146
2971 3 539
450 1 6375
14129 2 13527
12262 3 443
10266 3 2336
14264 3 1200
4806 3 2143
14363 1 8702
11253 1 5666
9095 1 13737
14182 2 7912
11528 2 2953
303 1 8467
8755 3 2270
8356 3 1545
8075 3 824
14546 3 2336
4980 3 1646
6077 2 4953
11054 3 3770
6199 1 6094
15907 1 12465
12261 3 1655
14395 1 11114
5501 3 1557
12781 1 10102
14240 1 11147
11043 3 1309
12366 3 356
12375 3 443
12061 2 9427
5728 1 11025
15613 1 7027
13942 2 9297
9290 1 9965
8151 3 2771
5441 1 4326
11010 3 1930
14939 3 2097
8105 2 11312
10162 1 13412
10240 1 4348
10053 1 12316
3940 1 4784
12750 1 13344
8776 1 11007
11970 2 12700
4532 3 2331
11657 3 119
7984 2 8113
14245 3 659
12130 3 387
13514 3 2081
12811 3 2435
13236 3 646
10112 3 1753
14161 3 2099
3985 1 2552
11096 3 1856
8951 1 11671
8206 1 13274
10775 3 790
6145 3 193
8057 2 14252
6367 1 3072
5326 2 13445
8617 3 13
12854 1 8052
9562 2 4581
11639 2 14318
9969 3 1930
3815 1 13459
8347 3 2793
8292 3 2617
13838 1 10279
12917 3 836
2631 1 12138
6386 3 2463
12522 3 378
14714 3 1208
9983 2 4763
14094 1 15357
12156 3 1930
1749 3 2270
4365 3 1849
12302 3 1012
9519 3 1951
11838 3 2683
8337 3 1077
11962 1 14826
8939 3 2815
10280 3 2262
5948 1 16034
9478 2 5500
14374 3 1119
13637 3 2543
13317 2 4770
11001 2 4797
8454 3 1893
6253 3 2599
14306 3 1160
4871 2 4453
12800 1 12870
12882 1 13908
16271 1 6680
5103 3 206
9328 3 2574
12288 3 389
11548 1 1037
10333 3 717
11167 2 13717
8580 1 15302
14203 3 864
8318 3 425
8757 3 3061
12675 1 7660
7227 1 9146
13492 2 13394
13357 2 9092
10709 1 5326
16079 1 13452
12132 3 994
11832 3 1190
13103 2 8874
10060 3 672
8309 2 14871
6999 3 138
9408 3 1655
13418 2 4515
5825 1 11059
7459 2 14795
12589 2 7383
12302 3 1119
10761 3 2055
12888 3 951
14735 3 915
7108 3 1418
14486 3 2500
10493 2 2883
14147 3 1856
3954 1 8258
4360 3 389
11937 1 8625
5568 1 6856
13623 3 2274
8612 1 6908
9792 2 4953
3942 1 10719
13891 2 9880
12210 3 376
6748 3 2679
15842 1 9193
14907 1 13591
6787 3 2280
8201 3 2087
14932 1 10004
11348 2 4545
13684 1 4753
9408 3 1366
5335 2 7831
13723 2 10011
14551 3 508
5874 2 10968
9954 3 3095
4339 3 2961
7337 1 9032
9016 3 951
6727 3 2379
8908 1 13907
4073 1 10444
8499 3 1485
9081 3 1955
10508 1 12634
7344 1 12771
11491 3 104
10705 1 6848
14825 1 13647
5756 2 12710
6329 1 8806
14559 1 13819
5741 1 1295
10338 3 2561
13500 1 7224
7796 3 2987
13629 3 1483
10025 3 2992
14847 3 1744
11914 1 14353
14051 3 184
13315 3 387
16206 1 8167
12210 3 1980
11364 2 14547
8701 3 2158
9850 2 4835
11263 1 14480
9805 3 1341
2953 3 1722
6497 3 1483
233 3 99
9996 3 1190
5874 2 4963
10237 1 6189
13880 3 951
3408 1 5594
11041 3 1639
12795 3 3736
4329 1 9302
8062 3 807
11095 3 1485
12344 3 730
8012 3 153
12917 3 1019
4852 3 818
5096 3 1946
8692 2 9065
8391 3 749
12937 3 129
14063 3 897
9952 3 656
534 2 4385
10793 3 2967
9108 2 8734
5727 3 1930
6783 3 1867
12708 3 1302
4992 1 9501
11962 1 4633
9170 3 2593
11974 3 1484
4759 3 2396
9011 3 500
7149 3 824
6398 3 1962
12330 3 824
13034 1 14144
13381 1 6279
13903 3 1935
5454 3 1049
5650 3 1144
13326 3 951
10121 3 3746
13305 3 193
6158 1 13510
3582 1 9539
14011 3 1256
8914 1 8881
11040 2 13005
4765 3 1876
10386 2 14883
13826 3 500
10556 1 12090
10152 1 11725
14117 1 12132
12320 2 9709
6136 3 459
7252 3 539
11851 2 8270
10193 1 7080
13818 1 14062
5521 2 10183
7346 2 12028
10086 3 659
14157 1 10740
13135 2 14131
4724 3 790
14991 1 13235
14418 2 6026
5282 3 3113
5027 1 6386
12308 2 6559
4611 2 4651
8197 2 7598
10514 3 812
14315 3 2270
10032 2 14008
5578 1 7850
8373 3 2604
6797 3 2544
13151 3 1352
14443 3 2459
14642 3 2354
12959 1 14770
10979 3 770
13662 3 2683
14789 3 1270
13983 3 2679
9225 2 11693
8772 3 2838
11457 2 13632
13064 3 3024
14649 1 10814
10922 2 9256
7379 2 7383
14305 2 6131
10764 3 1702
9261 3 2448
9537 2 14106
10415 1 2841
12506 1 432
7790 3 2478
13475 3 1930
2002 1 12439
14660 2 9005
11001 3 2650
12057 2 8506
9896 3 1856
7628 1 13217
1011 1 6300
15616 1 12310
10860 1 8281
12570 2 10073
10231 3 1119
11060 1 4598
9903 1 12130
14229 1 11546
6451 3 2504
10610 2 13077
4461 3 539
11295 2 13316
4157 1 7342
7800 3 1639
6176 2 10958
11456 1 9284
5954 1 5371
14015 2 7868
3979 1 8219
16078 1 6098
13070 3 1693
12522 3 2649
8767 1 9393
14129 3 2026
14663 3 387
14484 3 1708
7049 1 4380
8527 3 1364
7833 2 7707
14862 3 443
5926 3 1804
13776 1 7666
11797 2 7902
13588 3 2099
12446 3 2905
11956 2 4470
13947 1 12770
8246 2 14339
8650 2 12213
14809 3 1043
14498 3 696
14319 1 13267
9226 3 193
8866 2 6203
14011 2 7483
15234 1 11528
6820 3 2446
13033 1 5676
3842 1 4748
11094 1 8134
8807 3 508
8607 3 1618
8193 2 6327
9607 2 7467
11478 3 897
13213 3 1073
14413 3 584
13388 3 1655
7787 3 3735
9835 3 1003
13971 3 2979
11833 1 11295
2762 1 8998
8734 3 974
9548 3 2864
12084 2 5062
12826 1 14076
11010 3 656
12612 3 656
13315 3 2456
10120 3 508
12508 3 2795
6875 1 9238
13363 3 1930
14309 2 4980
7371 2 9297
15303 1 7224
9693 3 1119
14143 3 2979
1653 3 881
11488 2 4413
14181 3 656
13291 3 2478
2039 1 11323
10348 3 1010
12970 3 1797
3223 1 7479
8893 2 6322
9677 3 2694
10372 1 4388
7818 3 2815
14680 3 2386
14541 3 774
5330 3 2045
4937 3 1260
11302 1 512
11524 2 11879
11127 3 1867
10547 3 203
8656 2 10720
11891 2 10116
2443 1 8395
14058 3 1194
13349 1 14606
2697 3 164
6256 3 1615
13553 1 13438
9445 3 1060
5025 1 8088
6594 3 2336
13687 1 14676
3933 1 13463
4994 1 4834
4493 3 1068
7739 3 2128
14597 1 6338
10078 1 11587
13526 2 12818
14643 3 1032
10352 1 7548
11057 2 8495
11495 3 1930
11221 3 1155
8246 2 7806
10692 1 11746
10776 3 2364
12613 3 759
8408 3 193
6756 2 13445
10510 2 6891
9450 1 8174
5051 3 2364
11173 2 5644
13512 2 9555
10568 3 1644
6409 3 1930
4464 2 5172
6420 1 6153
10087 1 12893
9757 2 6693
14392 3 1909
14578 3 2446
12013 3 2333
394 3 3737
9160 3 206
14878 3 536
14212 3 193
6053 1 4502
8607 3 104
5422 1 13315
10386 2 11167
5005 3 1384
5531 1 12945
1353 1 13691
12625 2 5756
10249 3 568
9492 3 1364
8886 3 2448
14353 2 12028
13447 1 9974
9431 3 1883
12675 1 14606
5086 1 12099
13807 2 9174
4367 2 4554
12717 3 1478
14457 3 387
13453 3 2074
6462 1 4542
8305 1 786
14204 1 12999
10333 3 2280
16079 1 7704
11383 2 10639
12527 3 664
7208 2 12233
5512 3 267
13788 3 1716
7346 2 13081
13969 3 829
5874 2 7707
9556 1 8256
10002 3 2379
10133 3 457
11913 2 10174
5266 3 73
9750 3 1127
14433 2 9225
14696 3 221
12738 1 5999
8121 3 942
11825 1 12059
11598 2 4504
7164 2 11955
2213 3 1478
12001 2 10979
6030 3 962
10344 2 11966
8743 2 11290
4387 3 1104
7952 3 1380
13583 1 8335
11637 3 3084
10133 3 2679
3361 1 9910
4893 3 508
13680 3 2726
11434 3 2478
3824 1 8981
13463 3 2588
14815 2 11433
13250 3 1635
9952 3 1676
9366 3 508
5365 1 8921
11442 2 5686
11173 2 7598
11471 3 2591
7905 1 4491
12114 2 894
4094 1 8379
9443 3 1478
8446 3 717
9332 3 1804
9428 1 4368
7167 3 1227
3824 1 8377
7401 2 4482
13606 1 9102
5703 2 431
12958 1 11109
15740 1 9283
12335 3 1234
11621 3 818
12294 3 1485
5875 3 2683
7819 3 2990
10415 1 9757
12982 3 818
7159 3 2512
3967 1 5406
9295 3 1158
11708 1 13963
3207 1 5214
15027 1 4658
8973 3 2679
7454 2 13523
3417 1 8311
13283 3 2833
3579 1 11882
7431 3 1357
14799 3 228
11564 3 1286
14694 3 231
1415 1 12257
9756 3 1755
10323 2 12856
7223 3 119
9195 1 10977
12028 3 2087
9257 1 13160
6928 3 2094
4385 3 2824
7600 3 203
13550 3 3002
123 3 1639
8167 2 9189
12078 3 1478
4504 3 2500
9667 3 1755
10134 3 438
3472 1 9319
9282 1 14321
4718 3 2474
8417 3 133
6439 2 4963
10979 3 951
9363 3 1227
11711 3 1483
14162 3 3765
12722 1 12511
8850 3 228
8616 3 827
14163 3 459
7901 1 9443
7619 3 1638
13715 1 6940
10333 3 2748
6355 1 12251
13506 3 2961
10894 3 1863
4690 3 1445
5745 1 9371
4231 1 4541
8150 3 508
7370 2 11615
13475 3 1100
7425 3 2072
290 3 1588
8417 2 7110
9131 3 803
5626 3 1013
7525 1 16191
10164 3 1190
7660 3 745
12124 1 13627
9965 2 11578
13525 3 2502
7883 3 2826
6193 3 2716
5827 3 2094
12617 3 177
5183 2 4855
2674 1 10788
8208 2 4361
11021 3 1755
11260 3 2733
5767 3 1413
10742 2 13280
12924 2 4941
10557 1 13090
8770 1 6655
11598 2 1390
11118 2 12201
8281 3 111
7321 3 1986
5727 3 1302
5381 2 14033
7021 3 3037
6310 1 11271
2009 1 14097
10394 3 691
6388 2 5326
13402 3 1804
13051 2 8798
8209 3 138
14428 2 12060
5530 3 1375
11190 3 150
12500 3 697
13448 3 153
9232 1 12237
12315 3 2364
13421 1 6918
3872 1 4425
12344 2 5295
11403 2 8874
10386 2 9636
14471 1 14697
7049 1 14070
11471 3 1119
15488 1 11010
12555 3 3739
5504 3 717
7827 3 59
12694 3 2270
13645 3 3792
14638 3 166
12932 1 10877
7369 2 4405
9321 3 2747
3608 1 12013
5225 1 4560
6536 1 2756
8235 3 2342
9761 2 14318
7348 2 12197
11593 3 425
13340 3 790
6117 1 9936
9198 1 13095
5937 2 10025
7465 3 1929
11646 3 1104
10665 3 672
3851 1 12999
9409 3 2502
10299 2 12028
10783 3 2339
14407 2 10718
15810 1 10964
8722 3 2716
11059 3 1856
8020 1 5168
5161 1 8315
11566 3 2927
3027 3 1302
13654 1 2792
9715 3 2274
7451 3 2897
14448 2 14301
9789 1 8599
6067 1 9720
5201 3 389
12894 3 2262
8566 1 13907
9161 1 10293
4831 3 2679
11262 2 8424
14837 3 2364
13082 3 693
11933 1 4982
9409 2 13525
14665 3 1227
12173 3 869
13317 3 235
11838 3 2339
11212 2 4766
4947 3 1648
10755 1 4689
9386 2 11392
11306 3 543
7362 3 1755
5543 3 2435
3866 1 5449
4816 3 572
581 1 11497
12754 3 387
15538 1 14543
9160 3 3018
9101 3 2446
13110 1 12251
14726 3 3096
13957 2 10903
14726 3 2726
13772 3 2379
5707 1 11291
4459 3 1896
1050 3 425
3408 1 5089
9668 3 356
8069 3 764
8125 1 13145
5183 2 6189
10224 1 8208
6491 3 1867
14572 1 402
9129 3 1019
5462 3 1663
16000 1 13005
8175 1 1912
5311 2 13444
7039 3 242
10459 2 13813
13653 1 12983
14821 3 657
14260 3 1935
9874 2 8098
4657 3 1856
15435 3 1810
14719 2 13835
9738 3 790
11147 2 7438
11114 3 1951
13844 3 1019
11120 2 12443
10231 2 12271
15065 1 14789
8978 2 8270
7214 3 3010
4923 2 4687
5250 3 762
10333 3 1264
10882 2 6676
7965 2 7519
8479 3 1783
6363 3 2270
13736 2 11065
11167 3 539
9099 3 1104
10711 2 6176
11621 2 9562
7808 1 7569
4620 3 104
5644 2 11747
14734 3 163
14436 1 11541
11613 2 8417
4498 3 1856
5319 1 12992
12694 3 2769
8343 3 915
9256 3 1063
5137 3 790
2903 3 2110
8863 2 2746
9957 2 4341
13750 3 387
9254 3 2364
5800 3 1090
14036 2 5202
9518 2 14361
10795 3 500
848 1 6693
9572 1 10702
9235 2 6726
3592 1 7731
12335 2 8377
5526 1 13518
14851 3 27
5263 3 1935
7068 1 11057
11615 3 2617
11070 3 1646
13838 1 11643
8610 3 1158
5560 3 2408
8758 3 3735
6040 3 2973
11061 1 11579
6433 3 2509
15309 1 6604
10765 3 1445
9782 1 5311
15273 1 6805
13341 1 10595
12697 3 1930
6979 2 11380
10979 3 2087
9055 3 2733
7646 1 14079
10708 1 12273
9623 1 4822
9231 1 261
13553 1 9060
7257 3 584
15229 1 9175
15644 1 6297
9288 3 1668
6638 3 2055
13826 3 76
6826 3 3736
8320 3 2315
14861 3 3084
12173 2 13187
7256 3 1828
10025 3 3746
5455 2 13518
9603 3 1918
10482 3 1100
14095 3 2448
9587 1 8137
12757 2 8258
2318 1 12011
8721 3 2463
10094 1 14327
4652 3 2951
13340 3 2970
7246 1 9635
7120 1 10293
10514 3 824
6162 1 10022
12553 3 654
4715 3 770
7309 1 11734
13620 3 1005
8238 1 592
10800 2 10203
11126 3 1458
10871 3 1935
7265 3 785
11388 3 1227
6559 3 3096
8619 1 11323
10107 3 2379
11330 2 8233
11366 1 5620
7796 3 2435
7940 3 1856
14079 3 2440
7651 1 8569
15509 1 14575
4706 3 1484
6486 3 655
9283 2 14260
9644 3 2951
8529 3 2824
8385 2 10667
14455 3 2320
6394 1 9226
3601 1 14151
7489 1 214
6363 2 8214
9036 3 867
7357 1 2294
8732 1 14264
13899 1 10881
7796 3 1049
9334 1 4486
12913 2 13617
5848 1 8135
8218 3 508
4607 3 1
10803 3 876
10895 3 364
8118 3 2055
5429 1 1877
6285 1 12708
3713 1 11836
4923 2 4782
8311 2 9950
13137 3 1755
14124 1 9871
13713 3 3113
13031 2 14047
14860 3 803
9115 3 2333
4740 2 5042
8919 3 1015
2720 3 1352
9936 3 1227
7068 1 8799
14561 1 10670
7628 1 9083
13827 2 11757
8581 3 2747
11442 2 9464
6425 3 1413
9461 1 5749
1191 1 6855
12542 2 4442
14146 3 1490
11054 3 2927
3893 1 2090
13563 1 13121
11592 2 7190
2627 1 8920
5277 3 1935
13967 1 12694
13398 3 2087
9179 3 2083
13877 3 1816
5049 1 8668
5947 3 2561
8597 3 92
10350 3 810
9479 1 8296
13310 1 13627
10548 2 10301
8400 1 11974
13241 3 1820
5137 3 810
4594 3 1951
8407 3 2747
14448 3 1293
5766 2 9189
8942 2 6676
11278 2 6676
12634 2 13636
10064 2 13260
4734 3 539
9929 1 12964
15233 1 8105
2327 3 332
12059 3 220
14555 3 1755
11139 1 13856
7731 3 1935
11105 2 12700
5674 3 2094
10418 1 4786
12344 2 10079
14065 1 14037
5844 1 13167
9960 3 2991
11790 1 7900
12432 3 4
13190 2 11875
13827 2 7835
13009 3 1227
11131 3 1651
13123 1 7483
9464 2 9446
1563 1 1244
11150 1 11646
5094 3 1219
11340 1 13185
4778 3 364
7541 2 11374
7908 2 4860
1538 3 1286
13750 2 12375
432 2 7369
11539 2 4439
16104 1 13050
7549 1 5952
15447 1 8482
5110 1 9992
6540 1 6300
3524 1 7654
12809 1 1228
11519 1 5911
12997 2 9989
402 3 2574
7517 2 11881
3424 1 11325
4624 2 10903
14058 3 994
1102 2 11070
6074 1 4707
2552 3 1372
8132 1 8895
7685 2 11034
11201 1 8759
4561 2 9142
2720 2 12031
5419 3 2094
8320 3 389
4323 3 1302
10897 3 1010
13464 1 5406
10896 2 7519
10884 3 1639
3795 1 9297
6887 2 5594
9338 2 13796
14777 1 14365
10559 3 228
15317 2 8041
14871 3 3016
8013 1 8049
12318 3 203
7724 1 4598
5401 1 4710
6848 2 7348
7184 3 869
6854 3 387
8780 1 11655
14938 1 5355
11755 3 649
13691 2 11841
13072 3 27
15085 1 7548
9189 2 7535
10586 3 1709
7505 3 584
9800 3 1478
7669 1 6969
13459 3 119
11253 1 12529
13600 3 3736
6553 2 6502
13076 3 951
10102 3 730
4355 2 9643
8755 3 1227
13922 3 2070
6077 3 1286
13416 3 3769
11189 3 3153
11203 2 11851
11998 3 2340
11371 2 13616
10845 3 1930
7640 2 894
7410 3 387
11042 1 9996
12853 3 1187
10428 3 664
4403 3 2309
15121 1 5410
8866 2 7257
3340 1 7955
5858 3 1227
5831 3 4
8635 3 3792
7916 2 13854
1303 1 6196
9354 1 9900
14643 3 1026
9774 3 2333
6226 2 7348
9131 3 656
3945 1 5947
6164 3 1397
7215 3 1405
9363 3 1856
7292 1 13610
9813 3 2769
6175 3 1646
3676 1 6254
12401 3 387
11379 3 1856
8141 3 1557
12862 1 12340
8293 3 2333
10728 3 2419
12154 3 2650
13427 2 13928
11118 2 9794
10204 1 9634
9038 2 11614
6098 3 1478
12173 2 58
11256 3 443
7377 3 1286
7028 1 13047
14106 2 5776
7286 3 1615
13701 3 865
6578 3 2747
13147 3 1638
14225 3 2110
10513 2 10908
14489 3 790
11361 3 587
4523 2 4909
7705 1 4840
12752 3 2769
14082 3 193
7075 3 1884
14407 2 10165
10554 3 1856
8134 2 13674
12723 2 14498
11461 1 9506
6756 3 672
6879 3 695
15055 1 12925
10036 3 500
